0.07966
0.19947
0.21053
0.20398
0.20445
0.94417
0.94834
0.94661
0.93480
0.86520
0.17381
0.23333
0.97606
0.98137
0.95838
0.96624
0.96880
0.97017
0.97636
0.99062
0.99629
0.99275
0.99153
0.95655
0.94960
0.68409
0.61660
0.83022
0.65152
0.68837
0.75919
0.73376
0.91037
0.84948
0.91929
0.88509
0.94330
0.89396
0.93463
0.94690
0.91711
0.88172
0.93491
0.92016
0.91378
0.88788
0.89330
0.91982
0.88777
0.80673
0.81386
0.89435
0.90845
0.92454
0.86507
0.88736
0.94189
0.94052
0.91440
0.90259
0.89053
0.78388
0.91123
0.92518
0.84451
0.87864
0.90947
0.84812
0.76613
0.93140
0.96016
0.89529
0.92606
0.89260
0.93491
0.80533
0.94015
0.94061
0.95761
0.83851
0.93591
0.93267
0.84848
0.87809
0.74692
0.87621
0.92938
0.94096
0.93579
0.91383
0.93980
0.91673
0.91858
0.92139
0.93295
0.92289
0.96713
0.90717
0.93869
0.88799
0.95917
0.79190
0.68552
0.60801
0.34624
0.42040
0.23384
0.24378
0.20996
0.08352
0.09544
0.05196
0.12968
0.23462
0.16705
0.08860
0.03087
0.28291
0.40299
0.77493
0.80797
0.92275
0.86296
0.91703
0.93622
0.94706
0.97575
0.97419
0.95977
0.91498
0.92936
0.97305
0.95390
0.95800
0.92672
0.96855
0.96244
0.92543
0.95317
0.88616
0.93677
0.90400
0.91661
0.95532
0.92084
0.91820
0.93883
0.92773
0.93947
0.94470
0.94169
0.91563
0.95228
0.96092
0.99277
0.98860
0.97970
0.97894
0.97027
0.96671
0.98398
0.97507
0.97884
0.98765
0.98584
0.98601
0.96751
0.97624
0.96708
0.98310
0.98588
0.99086
0.98478
0.96903
0.96291
0.99232
0.96763
0.97882
0.98558
0.99064
0.98121
0.97522
0.97619
0.97712
0.98306
0.95778
0.98103
0.95813
0.96722
0.97507
0.97789
0.96735
0.97357
0.98517
0.96071
0.97867
0.96910
0.97420
0.95151
0.98739
0.94116
0.96337
0.95466
0.96178
0.98344
0.96724
0.98608
0.98014
0.98172
0.97054
0.96501
0.93455
0.97207
0.94818
0.97159
0.97356
0.96411
0.95966
0.97038
0.97766
0.95925
0.96901
0.97323
0.96515
0.96707
0.92463
0.92428
0.91941
0.90633
0.86146
0.73626
0.49423
0.23652
0.13147
0.18081
0.25394
0.32314
0.30356
0.45476
0.76550
0.90333
0.79715
0.88417
0.91077
0.91225
0.95525
0.94968
0.95065
0.97570
0.98746
0.97495
0.97502
0.96237
0.97609
0.98723
0.97075
0.95558
0.97166
0.98255
0.96418
0.97996
0.97190
0.95887
0.98030
0.96127
0.98737
0.97725
0.97193
0.98251
0.98711
0.99379
0.97540
0.97739
0.98013
0.96438
0.96431
